54 349
54 14807
54 19259
54 41108
54 43068
54 174375
54 205871
54 244210
54 248406
54 249606
70 17435
109 49
109 10967
109 32495
109 41532
109 59159
109 62399
109 64589
109 69102
109 80475
109 87776
109 110192
109 114369
110 12803
133 22080
133 33310
133 63348
133 75344
133 116877
133 120319
134 5210
134 10816
134 12387
134 19905
134 24003
134 37568
134 43269
134 47725
134 50154
134 57102
134 62274
134 65154
172 47794
174 2465
179 6001
179 18335
179 54304
179 70257
179 83410
179 101192
179 111312
179 111384
179 114657
179 121209
179 121274
179 126009
179 127247
179 127573
179 129959
179 131178
179 131770
179 134745
179 135970
179 137106
179 138011
179 139275
179 139870
179 140148
179 140475
179 141032
179 141950
179 142227
180 49453
180 49686
180 49811
180 49925
180 50073
180 50110
180 50548
180 50656
180 50799
180 50901
180 51225
180 51264
180 51441
180 51565
180 51604
180 51762
180 51818
180 52310
180 52569
180 52621
180 53026
180 53087
180 53158
180 53266
180 53339
180 53714
180 54007
180 54046
180 54105
180 54259
180 54576
180 54767
180 54864
180 54907
180 54998
180 55181
180 56294
180 56410
181 344
181 609
181 646
181 6032
181 6352
181 6656
181 9365
181 9951
181 10235
181 14432
181 15702
181 16593
181 24064
181 24944
181 24991
181 34219
181 39044
181 39945
181 51104
181 52807
181 53437
181 66623
181 67593
181 87956
181 95835
181 98107
181 99321
181 105973
181 108035
181 109555
181 111096
181 111310
181 114342
181 114390
181 114681
181 114956
181 115257
181 121814
181 132974
181 134456
181 135718
181 135959
181 136823
181 137148
181 137208
181 137455
181 137704
181 137759
181 138368
181 138441
181 138621
181 138910
181 140102
181 140533
181 140770
181 141014
181 141339
181 141713
181 142840
181 143115
181 143457
181 143534
181 144019
181 145578
181 147651
181 149210
181 149823
181 151538
181 152205
181 152715
181 153734
181 154537
181 155422
181 155836
181 156731
181 157600
181 158732
181 159082
181 159339
181 159628
181 159933
181 160820
181 162657
181 174724
181 175530
181 180676
181 181529
181 187343
181 194479
181 194564
181 203541
181 204019
181 204685
181 205005
181 213110
181 218778
181 222175
181 227476
181 229030
181 246617
181 255906
181 278821
181 282484
181 286250
181 291467
181 295400
181 301803
181 303041
181 323282
181 325832
181 333939
181 343522
181 344128
181 359752
181 363325
235 11111
235 12327
235 53122
235 73816
235 74124
235 77115
235 77413
235 79215
235 79528
235 80705
235 83704
235 84022
235 84303
235 84615
235 84627
235 85829
235 86403
235 89710
235 90004
235 90313
235 92117
235 108304
235 126904
235 135034
235 149716
235 153325
235 158121
236 47727
236 49511
236 50113
236 50125
236 60627
236 64501
