548 87349
548 91231
548 92778
548 93324
548 93621
548 100522
548 116505
548 116558
548 116645
548 116704
548 116776
548 117716
548 117817
548 117847
548 117866
548 118274
548 118338
548 118355
548 118360
548 118363
548 118396
548 118402
548 118426
548 118447
548 118452
548 118463
548 119185
548 119190
548 119228
548 119233
548 119554
548 119561
548 119566
548 119585
548 119594
548 119609
548 119666
548 119814
548 119851
548 120087
548 120134
548 120178
548 120189
548 120346
548 120355
549 16461
549 16538
549 16598
549 16611
549 16829
549 16847
549 16874
549 16876
549 16879
549 16888
549 16955
549 16985
549 17028
549 17295
549 18377
549 18415
549 18580
549 18651
549 18670
549 18735
549 19988
549 20020
549 20203
549 20215
549 20240
549 20713
549 21107
549 21116
549 21428
549 25523
550 108912
550 111651
550 114935
550 115834
550 118920
550 119569
550 125101
550 125458
550 126381
550 126647
550 127801
601 76217
601 76233
601 76267
601 76518
601 76524
601 76530
601 76580
601 159924
601 161418
601 161420
601 161424
601 161425
601 161482
601 161484
601 161487
601 161531
601 161538
601 161566
601 161576
601 161595
601 161601
601 161605
601 162633
601 162645
601 162655
601 162658
601 162708
601 162713
601 162722
601 162723
601 162807
601 162809
601 162815
601 162819
601 162823
601 164112
601 164113
601 164115
601 164117
601 164120
601 164124
601 164126
601 164133
601 164136
601 164140
601 164145
601 164146
601 164156
601 164158
601 164162
601 164164
601 164166
602 141084
602 141110
602 141118
602 141127
602 141132
602 141137
602 188739
602 188748
603 21957
603 21971
603 22006
603 26417
603 26425
603 26444
603 26449
603 26462
603 29419
603 29432
603 29446
603 30027
603 32401
603 59762
603 59768
603 59799
603 59821
603 60107
603 60137
603 60670
603 60681
603 60723
603 60861
603 61204
603 61225
603 63109
603 63129
603 63205
603 63305
603 63356
603 63512
603 63670
603 63912
603 63948
603 63972
603 64230
603 65113
603 65152
603 66006
603 66015
603 66030
603 66034
