406 31892
406 32175
406 47416
406 61858
406 68108
406 72945
406 90615
406 123308
406 137766
406 146177
406 159303
406 161456
406 166810
406 166840
406 174362
406 179109
406 193226
406 196549
406 203774
406 223539
406 224448
406 229814
406 237641
420 1861
420 21374
435 4842
435 6044
435 14747
479 3694
479 10806
479 23199
479 28255
479 30650
479 31203
500 13807
500 17713
500 19206
500 19805
500 21313
500 21608
500 21619
500 37510
500 41406
500 103508
546 7816
546 10201
546 54002
547 4607
547 10831
547 14124
548 1219
548 19823
548 44741
548 50412
548 54320
548 63039
548 64231
548 75637
548 75910
548 81308
548 81626
548 81933
548 82224
548 87023
548 87035
548 87332
548 88508
548 88804
548 88816
548 89117
548 89434
548 89704
548 91814
548 92145
548 93344
548 93352
548 93651
548 94836
548 95127
548 95712
548 96301
548 96314
548 99927
548 100511
548 100522
548 100531
548 100541
548 100807
548 102633
548 106247
548 109524
548 112520
548 114021
548 116407
549 19166
549 19204
549 19244
549 19358
549 19665
549 19718
549 19729
549 19737
549 19749
549 19771
549 20296
549 20394
549 20409
549 20468
549 20515
549 20570
549 20600
549 20745
549 21013
549 21042
549 21142
549 21237
549 21283
549 21292
549 21318
549 21335
549 21348
549 21375
549 21406
549 21428
549 21472
549 21558
549 21593
549 21618
549 21640
549 21718
549 21730
549 21766
549 21779
549 21813
549 21839
549 21854
549 21941
549 21971
549 22013
549 22070
549 22081
549 22107
549 22177
549 22194
549 22557
549 22576
549 22626
549 22690
549 22704
549 22754
549 22765
549 22875
549 22892
549 22947
549 23130
549 23236
549 23372
549 23422
549 23462
549 23501
549 23568
549 23735
549 24065
549 24094
549 24152
549 24387
549 24426
549 24463
549 25617
550 47
550 310
550 646
550 1209
550 1511
550 1524
550 3022
550 8725
550 11117
550 11436
550 12331
550 55958
550 58249
550 68448
550 73850
550 77148
550 112243
550 112270
550 112557
550 112842
550 113705
550 114302
550 115221
550 115834
550 116129
550 116437
550 118268
550 119109
550 119128
550 119145
550 119713
550 123005
550 123947
550 124263
550 124822
550 125101
550 125109
550 125418
550 125717
550 125759
550 126647
550 126912
550 127207
550 127801
550 128433
550 129925
550 132935
550 133210
550 135309
550 137445
550 137744
550 138908
550 138946
550 146153
550 149153
550 153376
550 156648
550 191406
550 196267
550 198401
550 204677
550 205868
550 212489
550 220512
550 220833
550 220937
550 221771
550 221805
550 255981
550 261222
550 276345
550 280063
550 296209
550 307345
550 308600
550 317055
550 319517
601 7804
601 67821
601 77108
601 77440
601 77704
601 77716
601 78026
601 78318
601 78619
601 79803
601 80130
601 80726
601 84919
601 86714
601 87025
601 87605
601 89717
601 90014
601 90614
601 93009
601 107730
601 159029
601 159326
603 30920
603 31821
603 31831
603 32401
603 32703
603 32731
603 33003
603 33013
603 33333
603 33607
603 33620
603 34505
603 34524
603 34806
603 35132
603 35407
603 36309
603 36623
603 44422
603 45017
603 47119
603 47705
603 48313
603 48618
603 50124
603 51003
603 51316
603 53422
603 53708
603 56401
